00000000000000000000000000000000000000000000000000000000000000000000000000000000
00000000000000000000000000000000000000000000000000000000000000000000000000000000
00000000000000000000000000000000000000000000000000000000000000000000000000000000
00000000000000000000010000000000000000000000000000000000000000000000000000000000
00000000000000000000101000000000000000000000000000000000000000000000000000000000
00000000000000000001010100000000000000000000000000000000000000000000000000000000
00000000000000000001000100000000000000000000000000000000000000000000000000000000
00000000000000000110010011000000000000000000000000000000000000000000000000000000
00000000000000001000010000100000000000000000000000000000000000000000000000000000
00000000000000010101101101010000000000000000000000000000000000000000000000000000
00000000000000001000010000100000000000000000000000000000000000000000000000000000
00000000000000000110010011000000000000000000000000000000000000000000000000000000
00000000000000000001000100000000000000000000000000000000000000000000000000000000
00000000000000000001010100000000000000000000000000000000000000000000000000000000
00000000000000000000101000000000000000000000000000000000000000000000000000000000
00000000000000000000010000000000000000000000000000000000000000000000000000000000
00000000000000000000000000000000000000000000000000000000000000000000000000000000
00000000000000000000000000000000000000000000000000000000000000000000000000000000
00000000000000000000000000000000000000000000000000000000000000000000000000000000
00000000000000000000000000000000000000000000000000000000000000000000000000000000
00000000000000000000000000000000000000000000000000000000000000000000000000000000
00000000000000000000000000000000000000000000000000000000000000000000000000000000
00000000000000000000000000000000000000000000000000000000000000000000000000000000
00000000000000000000000000000000000000000000000000000000000000000000000000000000
00000000000000000000000000000000000000000000000000000000000000000000000000000000
