00000000000000000000000000000000000000000000000000000000000000000000000000000000
00000000000000000000000000000000000000000000000000000000000000000000000000000000
00000000000000000000000000000000000000000000000000000000000000000000000000000000
00000000000000000000000000000000000000000000000000000000000000000000000000000000
00000000000000000000000000000000000000000000000000000000000000000000000000000000
00000000000000000000000000000000000000000000000000000000000000000000000000000000
00000000011110000000000000000000000000000000000000000000000000000000000000000000
00000000100010000000000000000000000000000000000000000000000000000000000000000000
00000000000010000000000000000000000000000000000000000000000000000000000000000000
00001100100100000000000000000000000000000000000000000000000000000000000000000000
00001110000000000000000000000000000000000000000000000000000000000000000000000000
00001100100100000000000000000000000000000000000000000000000000000000000000000000
00000000000010000000000000000000000000000000000000000000000000000000000000000000
00000000100010000000000000000000000000000000000000000000000000000000000000000000
00000000011110000000000000000000000000000000000000000000000000000000000000000000
00000000000000000000000000000000000000000000000000000000000000000000000000000000
00000000000000000000000000000000000000000000000000000000000000000000000000000000
00000000000000000000000000000000000000000000000000000000000000000000000000000000
00000000000000000000000000000000000000000000000000000000000000000000000000000000
00000000000000000000000000000000000000000000000000000000000000000000000000000000
00000000000000000000000000000000000000000000000000000000000000000000000000000000
00000000000000000000000000000000000000000000000000000000000000000000000000000000
00000000000000000000000000000000000000000000000000000000000000000000000000000000
00000000000000000000000000000000000000000000000000000000000000000000000000000000
00000000000000000000000000000000000000000000000000000000000000000000000000000000
